Iwheel = 0.0019098; %kg m2
Isat = 0.00042853; % kg m2
Km = -2.465;
tau = 0.1;
Vmax = 12;