Iwheel = 0.0007208 %kg m2
Isat = 0.0001869 % kg m2
Km = 29.58
tau = 0.1
Vmax = 12